+---+---+---+---+---+---+---+---+---+
| 4 |   |   |   | 6 | 9 |   |   | 2 |
+---+---+---+---+---+---+---+---+---+
|   |   |   | 4 | 2 | 5 | 1 | 9 | 6 |
+---+---+---+---+---+---+---+---+---+
| 2 | 9 | 6 |   |   |   |   |   | 4 |
+---+---+---+---+---+---+---+---+---+
|   | 6 |   | 2 | 9 | 7 |   | 4 | 3 |
+---+---+---+---+---+---+---+---+---+
|   | 2 |   |   |   | 6 | 9 |   | 1 |
+---+---+---+---+---+---+---+---+---+
| 9 |   |   | 1 | 8 |   | 2 | 6 | 7 |
+---+---+---+---+---+---+---+---+---+
|   | 7 | 8 | 9 |   |   | 6 |   | 5 |
+---+---+---+---+---+---+---+---+---+
| 5 | 4 | 2 | 6 | 3 | 8 | 7 | 1 | 9 |
+---+---+---+---+---+---+---+---+---+
| 6 |   | 9 |   |   |   | 4 |   | 8 |
+---+---+---+---+---+---+---+---+---+
